[gd_scene load_steps=7 format=2]

[ext_resource path="res://src/environments/playground/Balls.tscn" type="PackedScene" id=1]
[ext_resource path="res://src/environments/playground/Cubes.tscn" type="PackedScene" id=2]
[ext_resource path="res://src/environments/playground/Playground.gd" type="Script" id=4]
[ext_resource path="res://media/models/tereno2/tereno2.tscn" type="PackedScene" id=7]

[sub_resource type="ProceduralSky" id=10]
sky_top_color = Color( 0.211765, 0.313726, 0.552941, 1 )
sky_horizon_color = Color( 0.690196, 0.813113, 0.921569, 1 )
ground_bottom_color = Color( 0.690196, 0.760784, 0.921569, 1 )
ground_horizon_color = Color( 0.690196, 0.760784, 0.921569, 1 )
sun_latitude = 50.0
sun_longitude = -20.0
sun_angle_max = 30.0
sun_energy = 30.0

[sub_resource type="Environment" id=2]
background_mode = 2
background_sky = SubResource( 10 )
ambient_light_color = Color( 0.5, 0.5, 0.5, 1 )
ambient_light_energy = 2.8
ambient_light_sky_contribution = 0.2

[node name="Spatial" type="Spatial"]
script = ExtResource( 4 )

[node name="WorldEnvironment" type="WorldEnvironment" parent="."]
environment = SubResource( 2 )

[node name="DirectionalLight" type="DirectionalLight" parent="WorldEnvironment"]
transform = Transform( 0.971509, -0.109181, -0.210358, 0.0968178, -0.627309, 0.772729, -0.216326, -0.771079, -0.598866, 0, 79.7674, 0 )
light_color = Color( 0.964706, 0.819608, 0.698039, 1 )
light_indirect_energy = 0.0
light_specular = 0.05
shadow_enabled = true

[node name="Terreno2" parent="." instance=ExtResource( 7 )]
transform = Transform( 25, 0, 0, 0, 25, 0, 0, 0, 25, -106.236, -5.55932, -114.085 )

[node name="CamPosition" type="Camera" parent="."]
transform = Transform( 1, 0, 0, 0, 0.895176, 0.445714, 0, -0.445714, 0.895176, 0, 20.7107, 29.5113 )

[node name="Cubes" parent="." instance=ExtResource( 2 )]
transform = Transform( 1, 0, 0, 0, 1, 0, 0, 0, 1, 6.94159, 2.37982, -34.1432 )

[node name="Cubes2" parent="." instance=ExtResource( 2 )]
transform = Transform( 0.78714, 0, -0.616775, 0, 1, 0, 0.616775, 0, 0.78714, 34.4659, 2.1992, -22.5959 )

[node name="Cubes3" parent="." instance=ExtResource( 2 )]
transform = Transform( 0.92768, 0, 0.373376, 0, 1, 0, -0.373376, 0, 0.92768, -97.7798, 2.45273, 20.5464 )

[node name="Balls" parent="." instance=ExtResource( 1 )]
transform = Transform( 1, 0, 0, 0, 1, 0, 0, 0, 1, -15.1137, -1.17459, 8.80446 )

[node name="DebugVehicleSpawn" type="Camera" parent="."]
transform = Transform( -0.0655015, 0.000897481, 0.997852, 0.0137004, 0.999906, 5.82022e-11, -0.997758, 0.013671, -0.0655076, 15.02, 3, -0.424 )

[node name="VehicleSpawn" type="Camera" parent="."]
transform = Transform( 1, 0, 0, 0, 1, 0, 0, 0, 1, 0, 3, 0 )
